---
layout: none
---
[38;2;0;0;0m                                 [38;2;4;3;2m [38;2;16;11;10m [38;2;25;19;18m [38;2;30;25;23m [38;2;29;24;22m [38;2;27;21;19m [38;2;19;14;13m [38;2;12;8;7m [38;2;4;3;2m [38;2;0;0;0m[0m
[38;2;0;0;0m                            [38;2;1;1;1m [38;2;15;10;9m [38;2;25;20;18m [38;2;32;25;23m [38;2;44;34;30m [38;2;54;41;37m [38;2;62;52;48m [38;2;68;57;54m [38;2;72;61;58m░[38;2;80;70;67m░[38;2;85;76;73m░[38;2;83;73;70m░[38;2;77;67;63m░[38;2;65;53;50m [38;2;44;35;31m [38;2;15;11;9m [38;2;2;1;1m [38;2;0;0;0m[0m
[38;2;0;0;0m                         [38;2;7;5;4m [38;2;26;20;18m [38;2;44;36;33m [38;2;56;46;42m [38;2;64;54;50m [38;2;64;53;50m [38;2;67;56;52m [38;2;80;70;67m░[38;2;82;72;69m░[38;2;77;67;64m░[38;2;71;61;58m░[38;2;69;58;55m░[38;2;71;61;58m░[38;2;83;73;70m░[38;2;88;78;75m░[38;2;86;76;73m░[38;2;81;71;68m░[38;2;72;61;58m░[38;2;53;41;37m [38;2;49;37;33m [38;2;22;15;13m [38;2;0;0;0m[0m
[38;2;0;0;0m                       [38;2;5;3;2m [38;2;26;17;13m [38;2;47;35;31m [38;2;72;61;58m░[38;2;81;70;68m░[38;2;83;73;70m░[38;2;79;69;66m░[38;2;72;62;58m░[38;2;63;52;49m [38;2;57;46;42m [38;2;78;68;64m░[38;2;80;70;67m░[38;2;74;64;61m░[38;2;67;57;53m [38;2;68;57;54m [38;2;78;68;65m░[38;2;84;74;71m░[38;2;81;71;68m░[38;2;78;68;64m░[38;2;69;59;55m░[38;2;53;41;37m  [38;2;50;39;35m [38;2;4;3;2m [38;2;0;0;0m[0m
[38;2;0;0;0m                      [38;2;14;9;8m [38;2;46;35;31m [38;2;57;46;42m [38;2;40;27;23m [38;2;60;48;45m [38;2;70;59;56m░[38;2;73;63;60m░[38;2;76;66;62m░[38;2;74;63;60m░[38;2;68;58;54m░[38;2;55;44;40m [38;2;60;49;45m [38;2;75;64;61m░[38;2;70;60;56m░[38;2;62;51;48m [38;2;62;51;47m [38;2;72;61;58m░[38;2;71;60;57m░[38;2;68;57;54m [38;2;66;55;51m [38;2;59;48;44m [38;2;42;30;26m [38;2;57;45;42m [38;2;48;36;32m [38;2;28;16;12m [38;2;17;12;10m [38;2;22;16;14m [38;2;19;14;12m [38;2;8;5;5m [38;2;0;0;0m[0m
[38;2;0;0;0m                    [38;2;3;2;2m [38;2;30;21;18m [38;2;54;43;39m [38;2;61;50;47m [38;2;63;52;49m [38;2;51;40;36m [38;2;41;29;25m [38;2;57;46;42m [38;2;59;47;44m [38;2;62;51;47m [38;2;66;55;51m [38;2;64;52;49m [38;2;54;43;39m [38;2;49;37;32m [38;2;64;53;49m [38;2;60;48;45m [38;2;54;42;39m [38;2;57;45;41m [38;2;59;47;44m [38;2;55;44;40m  [38;2;53;41;37m [38;2;45;32;28m [38;2;45;33;29m [38;2;56;44;40m [38;2;37;25;21m [38;2;45;34;30m [38;2;54;43;39m [38;2;57;46;43m [38;2;59;48;44m [38;2;57;45;41m [38;2;41;32;29m [38;2;24;18;15m [38;2;5;3;3m [38;2;0;0;0m[0m
[38;2;0;0;0m                    [38;2;25;14;10m [38;2;34;21;16m [38;2;43;31;27m [38;2;53;42;38m [38;2;54;42;38m [38;2;50;38;34m [38;2;36;24;19m [38;2;43;30;26m [38;2;46;34;29m [38;2;48;36;31m [38;2;52;41;36m [38;2;56;44;40m [38;2;52;40;36m [38;2;44;32;27m [38;2;52;40;36m [38;2;50;37;33m [38;2;49;37;33m [38;2;50;38;34m [38;2;48;35;31m [38;2;48;36;32m [38;2;48;36;31m [38;2;43;30;26m [38;2;44;32;28m [38;2;54;42;38m [38;2;40;28;24m [38;2;48;37;33m [38;2;59;48;45m [38;2;65;54;51m [38;2;69;59;56m░[38;2;72;62;59m░[38;2;71;61;58m░[38;2;67;56;53m [38;2;59;48;44m [38;2;48;36;32m [38;2;22;15;13m [38;2;1;1;1m [38;2;0;0;0m[0m
[38;2;0;0;0m                   [38;2;2;1;1m [38;2;37;24;19m [38;2;45;33;29m [38;2;38;26;21m [38;2;34;22;17m [38;2;38;25;21m [38;2;38;26;21m [38;2;37;24;20m [38;2;34;22;17m [38;2;37;24;20m [38;2;39;26;22m [38;2;42;30;25m [38;2;47;35;30m [38;2;49;36;32m [38;2;44;31;27m [38;2;47;34;30m [38;2;47;35;30m [38;2;46;34;30m [38;2;43;31;26m  [38;2;44;31;27m [38;2;41;29;24m [38;2;47;35;31m [38;2;50;38;34m [38;2;48;36;32m [38;2;62;51;48m [38;2;70;59;56m░[38;2;71;61;57m░[38;2;71;60;57m░░[38;2;71;61;57m░[38;2;69;59;55m░[38;2;67;56;52m [38;2;63;52;48m [38;2;58;46;42m [38;2;51;39;35m [38;2;42;30;25m [38;2;16;10;9m [38;2;0;0;0m[0m
[38;2;0;0;0m                   [38;2;20;11;8m [38;2;38;26;21m [38;2;44;32;27m [38;2;43;31;26m [38;2;44;30;24m [38;2;103;79;63m░[38;2;157;127;104m▒[38;2;190;158;132m▒[38;2;200;167;140m▒[38;2;201;168;141m▒[38;2;191;160;135m▒[38;2;172;143;121m▒[38;2;154;127;107m▒[38;2;140;115;98m▒[38;2;127;103;87m░[38;2;120;98;84m░[38;2;113;92;79m░[38;2;104;84;70m░[38;2;99;79;66m░[38;2;97;76;63m░[38;2;94;73;59m░[38;2;97;76;63m░[38;2;105;84;71m░[38;2;116;94;79m░[38;2;115;92;77m░[38;2;102;80;66m░[38;2;88;67;53m░[38;2;68;48;37m [38;2;53;36;28m [38;2;42;29;25m [38;2;43;30;26m [38;2;44;31;27m [38;2;45;32;28m [38;2;45;33;28m [38;2;45;32;28m [38;2;43;30;26m [38;2;40;27;23m [38;2;37;24;20m [38;2;11;6;4m [38;2;0;0;0m[0m
[38;2;0;0;0m                   [38;2;20;11;8m [38;2;36;23;19m [38;2;42;29;25m [38;2;77;58;47m░[38;2;193;158;131m▒[38;2;218;184;156m▓[38;2;225;192;164m▓[38;2;232;199;172m▓[38;2;237;205;179m▓[38;2;241;210;184m▓[38;2;244;214;188m▓[38;2;247;217;192m▓[38;2;249;219;195m▓[38;2;250;221;197m▓[38;2;252;223;199m▓[38;2;253;224;201m▓[38;2;254;226;202m▓[38;2;255;226;203m▓▓[38;2;254;226;202m▓[38;2;254;225;201m▓[38;2;253;223;200m▓[38;2;251;222;198m▓[38;2;249;220;195m▓[38;2;247;217;192m▓[38;2;245;214;189m▓[38;2;241;210;184m▓[38;2;236;204;178m▓[38;2;225;191;163m▓[38;2;196;162;135m▒[38;2;125;100;82m░[38;2;53;39;33m [38;2;52;40;36m [38;2;53;41;37m [38;2;49;37;33m [38;2;44;31;27m [38;2;40;27;22m [38;2;35;22;17m [38;2;16;8;6m [38;2;0;0;0m[0m
[38;2;0;0;0m                   [38;2;26;16;12m [38;2;46;34;30m [38;2;70;56;49m [38;2;186;151;124m▒[38;2;211;175;147m▓[38;2;218;184;156m▓[38;2;225;192;164m▓[38;2;232;199;173m▓[38;2;237;206;180m▓[38;2;241;210;185m▓[38;2;245;214;189m▓[38;2;248;218;194m▓[38;2;250;221;197m▓[38;2;252;223;199m▓[38;2;254;225;201m▓[38;2;255;226;203m▓[38;2;255;227;205m▓[38;2;255;228;205m▓▓▓[38;2;255;227;204m▓[38;2;255;226;203m▓[38;2;254;225;201m▓[38;2;252;222;199m▓[38;2;250;220;196m▓[38;2;247;217;192m▓[38;2;243;212;186m▓[38;2;238;207;181m▓[38;2;234;202;175m▓[38;2;230;197;170m▓[38;2;225;191;164m▓[38;2;197;164;137m▒[38;2;82;63;53m░[38;2;45;32;28m [38;2;41;29;24m [38;2;40;27;23m [38;2;38;25;21m [38;2;36;23;19m [38;2;27;16;12m [38;2;0;0;0m[0m
[38;2;0;0;0m                   [38;2;28;16;12m [38;2;45;32;28m [38;2;139;109;89m░[38;2;200;163;134m▒[38;2;210;175;146m▓[38;2;219;185;157m▓[38;2;226;193;166m▓[38;2;232;199;173m▓[38;2;235;203;177m▓[38;2;237;206;180m▓[38;2;239;208;183m▓[38;2;242;212;187m▓[38;2;246;216;191m▓[38;2;249;220;196m▓[38;2;252;223;199m▓[38;2;254;225;202m▓[38;2;255;226;203m▓[38;2;255;227;204m▓▓[38;2;254;226;203m▓[38;2;254;225;202m▓[38;2;253;224;200m▓[38;2;251;222;198m▓[38;2;250;220;196m▓[38;2;248;218;194m▓[38;2;245;215;190m▓[38;2;241;210;184m▓[38;2;236;204;178m▓[38;2;231;199;172m▓[38;2;227;194;167m▓[38;2;222;188;161m▓[38;2;216;182;154m▓[38;2;198;163;136m▒[38;2;73;58;51m░[38;2;58;47;43m [38;2;49;37;33m [38;2;42;29;25m [38;2;36;23;18m [38;2;22;12;9m [38;2;0;0;0m[0m
[38;2;0;0;0m                   [38;2;17;9;6m [38;2;51;35;27m [38;2;186;147;117m▒[38;2;201;164;135m▒[38;2;211;176;147m▓[38;2;200;169;144m▒[38;2;170;144;125m▒[38;2;141;120;104m▒[38;2;121;103;90m░[38;2;112;95;83m░[38;2;115;98;86m░[38;2;182;157;137m▒[38;2;233;202;176m▓[38;2;238;207;181m▓[38;2;243;212;188m▓[38;2;247;217;193m▓[38;2;248;219;195m▓▓[38;2;247;217;193m▓[38;2;245;215;191m▓[38;2;225;197;175m▓[38;2;192;168;149m▒[38;2;198;173;153m▒[38;2;214;187;166m▓[38;2;236;207;183m▓[38;2;243;212;187m▓[38;2;240;209;183m▓[38;2;235;203;177m▓[38;2;229;196;170m▓[38;2;223;190;163m▓[38;2;218;184;156m▓[38;2;213;178;150m▓[38;2;207;171;143m▒[38;2;117;93;78m░[38;2;53;41;37m [38;2;41;28;24m [38;2;34;21;17m [38;2;29;16;12m [38;2;16;8;5m [38;2;0;0;0m[0m
[38;2;0;0;0m                   [38;2;17;9;7m [38;2;109;79;59m░[38;2;189;150;120m▒[38;2;165;135;112m▒[38;2;110;91;77m░[38;2;120;100;86m░[38;2;149;126;108m▒[38;2;178;150;129m▒[38;2;192;162;138m▒[38;2;191;160;136m▒[38;2;185;154;130m▒[38;2;209;175;148m▓[38;2;217;182;155m▓[38;2;223;189;162m▓[38;2;230;198;172m▓[38;2;235;203;178m▓[38;2;236;205;180m▓[38;2;235;204;179m▓[38;2;231;199;174m▓[38;2;229;197;171m▓[38;2;200;171;149m▒[38;2;128;108;94m░[38;2;120;101;89m░[38;2;108;92;81m░[38;2;91;77;68m░[38;2;107;92;81m░[38;2;155;133;117m▒[38;2;206;177;154m▓[38;2;226;193;167m▓[38;2;221;187;160m▓[38;2;215;181;153m▓[38;2;210;174;146m▓[38;2;204;168;139m▒[38;2;127;100;81m░[38;2;39;27;22m [38;2;30;18;13m [38;2;27;15;10m [38;2;23;11;7m [38;2;3;1;1m [38;2;0;0;0m[0m
[38;2;0;0;0m                   [38;2;13;6;5m [38;2;150;111;83m░[38;2;192;154;124m▒[38;2;206;171;143m▒[38;2;217;182;155m▓[38;2;219;185;158m▓[38;2;209;175;149m▓[38;2;201;166;139m▒[38;2;205;169;141m▒[38;2;205;168;140m▒[38;2;202;165;137m▒[38;2;197;160;131m▒[38;2;201;164;135m▒[38;2;215;181;154m▓[38;2;226;193;166m▓[38;2;231;199;173m▓[38;2;231;199;174m▓[38;2;228;195;169m▓[38;2;220;186;159m▓[38;2;210;175;147m▓[38;2;206;170;142m▒[38;2;207;172;144m▒[38;2;211;176;149m▓[38;2;217;183;156m▓[38;2;221;188;162m▓[38;2;204;175;152m▓[38;2;169;144;126m▒[38;2;131;111;97m░[38;2;117;98;86m░[38;2;151;127;109m▒[38;2;213;178;151m▓[38;2;207;171;142m▒[38;2;199;162;133m▒[38;2;170;133;106m▒[38;2;39;26;20m [38;2;33;21;16m [38;2;31;18;14m [38;2;16;8;6m [38;2;0;0;0m[0m
[38;2;0;0;0m                 [38;2;10;7;5m [38;2;135;113;96m░[38;2;122;103;88m░[38;2;172;130;98m▒[38;2;197;159;130m▒[38;2;198;165;139m▒[38;2;158;139;124m▒[38;2;149;145;144m▒[38;2;115;115;119m░[38;2;117;116;115m░[38;2;17;13;9m [38;2;57;46;37m [38;2;161;139;122m▒[38;2;199;163;135m▒[38;2;195;157;127m▒[38;2;212;177;149m▓[38;2;229;196;170m▓[38;2;236;205;180m▓[38;2;236;204;179m▓[38;2;228;195;169m▓[38;2;212;178;150m▓[38;2;206;170;142m▒[38;2;209;174;146m▓[38;2;207;173;145m▒[38;2;183;152;128m▒[38;2;177;149;127m▒[38;2;159;131;109m▒[38;2;175;146;123m▒[38;2;214;182;157m▓[38;2;230;197;171m▓[38;2;227;194;168m▓[38;2;217;185;158m▓[38;2;214;179;151m▓[38;2;203;167;138m▒[38;2;194;156;127m▒[38;2;186;146;115m▒[38;2;81;58;44m░[38;2;31;19;14m [38;2;26;13;9m [38;2;7;3;2m [38;2;0;0;0m[0m
[38;2;0;0;0m                 [38;2;74;57;39m [38;2;181;140;108m▒[38;2;151;124;105m▒[38;2;178;136;104m▒[38;2;199;162;134m▒[38;2;177;157;142m▒[38;2;234;234;234m▓[38;2;213;216;220m▓[38;2;146;153;162m▒[38;2;63;65;68m░[38;2;55;57;59m [38;2;106;111;115m░[38;2;188;194;202m▓[38;2;205;191;181m▓[38;2;193;155;125m▒[38;2;211;176;148m▓[38;2;235;203;178m▓[38;2;245;215;191m▓[38;2;242;212;187m▓[38;2;229;196;170m▓[38;2;209;174;146m▓[38;2;199;165;139m▒[38;2;177;158;144m▒[38;2;157;157;161m▒[38;2;107;109;113m░[38;2;63;63;63m░[38;2;0;0;0m [38;2;8;7;7m [38;2;124;126;132m▒[38;2;176;164;156m▒[38;2;193;166;145m▒[38;2;224;191;164m▓[38;2;213;178;151m▓[38;2;201;164;135m▒[38;2;191;152;122m▒[38;2;183;142;112m▒[38;2;111;82;63m░[38;2;38;23;16m [38;2;25;14;9m [38;2;26;23;20m [38;2;0;0;0m[0m
[38;2;0;0;0m                 [38;2;56;44;34m [38;2;210;175;146m▓[38;2;118;91;73m░[38;2;183;143;112m▒[38;2;203;166;137m▒[38;2;226;195;171m▓[38;2;230;220;212m▓[38;2;231;230;230m▓[38;2;233;234;234m▓[38;2;223;225;227m▓[38;2;225;227;230m▓[38;2;237;237;238m▓[38;2;240;240;240m▓[38;2;231;225;221m▓[38;2;199;162;133m▒[38;2;220;186;159m▓[38;2;241;210;185m▓[38;2;251;222;198m▓[38;2;246;216;191m▓[38;2;229;196;170m▓[38;2;209;174;146m▓[38;2;193;173;158m▒[38;2;239;239;239m▓[38;2;235;236;237m▓[38;2;185;190;197m▓[38;2;123;127;133m▒[38;2;114;118;123m░[38;2;162;167;173m▒[38;2;210;214;220m▓[38;2;241;241;241m█[38;2;184;176;169m▒[38;2;215;183;157m▓[38;2;211;175;147m▓[38;2;198;161;132m▒[38;2;188;149;119m▒[38;2;181;139;108m▒[38;2;106;81;65m░[38;2;112;90;76m░[38;2;224;192;167m▓[38;2;208;171;142m▒[38;2;152;125;99m▒[38;2;0;0;0m[0m
[38;2;0;0;0m                 [38;2;34;26;17m [38;2;216;181;154m▓[38;2;104;80;65m░[38;2;189;150;120m▒[38;2;206;170;141m▒[38;2;223;189;162m▓[38;2;241;210;185m▓[38;2;247;220;197m▓[38;2;243;223;206m▓[38;2;241;224;211m▓[38;2;240;224;210m▓[38;2;239;220;205m▓[38;2;238;213;193m▓[38;2;233;200;174m▓[38;2;228;195;168m▓[38;2;237;205;179m▓[38;2;247;217;193m▓[38;2;253;225;202m▓[38;2;250;220;196m▓[38;2;241;210;185m▓[38;2;233;201;174m▓[38;2;236;208;185m▓[38;2;235;223;213m▓[38;2;232;229;226m▓[38;2;234;234;234m▓[38;2;237;237;237m▓[38;2;236;236;236m▓▓[38;2;234;231;229m▓[38;2;237;224;213m▓[38;2;236;208;185m▓[38;2;220;186;159m▓[38;2;207;171;143m▒[38;2;197;160;130m▒[38;2;186;147;116m▒[38;2;175;135;105m▒[38;2;58;44;37m [38;2;139;111;91m░[38;2;182;140;107m▒[38;2;196;157;127m▒[38;2;195;157;126m▒[38;2;0;0;0m[0m
[38;2;0;0;0m                  [38;2;193;159;131m▒[38;2;97;75;61m░[38;2;192;153;124m▒[38;2;207;171;142m▒[38;2;222;189;161m▓[38;2;235;203;177m▓[38;2;243;212;187m▓[38;2;247;217;192m▓[38;2;247;217;193m▓[38;2;246;215;191m▓[38;2;244;214;189m▓[38;2;242;212;186m▓[38;2;233;201;174m▓[38;2;218;183;156m▓[38;2;232;199;172m▓[38;2;238;207;180m▓[38;2;237;206;179m▓[38;2;231;198;171m▓[38;2;236;204;178m▓[38;2;246;216;191m▓[38;2;247;217;192m▓▓[38;2;250;220;196m▓[38;2;249;223;202m▓[38;2;249;226;208m▓[38;2;249;227;208m▓[38;2;250;225;204m▓[38;2;251;222;198m▓[38;2;240;209;184m▓[38;2;228;195;169m▓[38;2;218;184;157m▓[38;2;208;172;144m▒[38;2;197;159;130m▒[38;2;185;145;114m▒[38;2;110;87;72m░[38;2;34;21;17m [38;2;163;124;96m▒[38;2;205;169;140m▒[38;2;228;195;168m▓[38;2;106;86;70m░[38;2;0;0;0m[0m
[38;2;0;0;0m                  [38;2;60;46;35m [38;2;63;49;42m [38;2;188;151;122m▒[38;2;206;170;142m▒[38;2;221;187;159m▓[38;2;231;199;172m▓[38;2;238;207;181m▓[38;2;244;213;188m▓[38;2;247;217;192m▓[38;2;247;217;193m▓[38;2;245;215;190m▓[38;2;238;207;181m▓[38;2;201;163;133m▒[38;2;224;190;163m▓[38;2;245;215;190m▓[38;2;251;222;199m▓[38;2;246;216;191m▓[38;2;218;184;156m▓[38;2;204;167;138m▒[38;2;243;212;187m▓[38;2;253;224;200m▓[38;2;255;226;203m▓[38;2;253;224;201m▓[38;2;252;223;200m▓▓[38;2;252;222;199m▓[38;2;249;219;195m▓[38;2;243;212;187m▓[38;2;234;202;176m▓[38;2;225;191;164m▓[38;2;216;181;154m▓[38;2;207;171;143m▒[38;2;194;156;126m▒[38;2;129;102;84m░[38;2;40;27;23m [38;2;61;43;34m [38;2;201;164;135m▒[38;2;226;193;166m▓[38;2;187;157;132m▒[38;2;5;3;2m [38;2;0;0;0m[0m
[38;2;0;0;0m                  [38;2;3;2;2m [38;2;37;26;22m [38;2;106;87;76m░[38;2;199;164;137m▒[38;2;218;183;155m▓[38;2;227;195;168m▓[38;2;234;203;176m▓[38;2;239;208;183m▓[38;2;242;211;186m▓[38;2;241;210;185m▓[38;2;237;206;181m▓[38;2;221;191;166m▓[38;2;188;155;129m▒[38;2;163;125;95m▒[38;2;177;138;107m▒[38;2;187;147;115m▒[38;2;185;143;111m▒[38;2;180;138;105m▒[38;2;211;175;147m▓[38;2;240;209;183m▓[38;2;249;219;195m▓[38;2;253;224;200m▓[38;2;254;225;201m▓[38;2;253;224;201m▓[38;2;251;222;198m▓[38;2;248;219;194m▓[38;2;244;213;189m▓[38;2;238;206;181m▓[38;2;229;197;170m▓[38;2;220;186;159m▓[38;2;212;177;149m▓[38;2;200;164;136m▒[38;2;121;98;82m░[38;2;41;29;25m [38;2;32;20;16m [38;2;131;105;87m░[38;2;222;189;161m▓[38;2;189;156;130m▒[38;2;29;22;17m [38;2;0;0;0m[0m
[38;2;0;0;0m                   [38;2;23;17;15m [38;2;39;28;25m [38;2;80;66;59m░[38;2;165;139;119m▒[38;2;216;183;156m▓[38;2;228;195;168m▓[38;2;233;201;175m▓[38;2;186;160;140m▒[38;2;116;98;88m░[38;2;75;63;57m░[38;2;65;54;50m [38;2;80;67;61m░[38;2;89;75;68m░[38;2;86;72;66m░[38;2;76;64;58m░[38;2;67;55;51m [38;2;81;69;64m░[38;2;103;89;82m░[38;2;138;120;110m▒[38;2;182;159;143m▒[38;2;233;205;182m▓[38;2;248;218;194m▓▓[38;2;246;216;191m▓[38;2;243;212;187m▓[38;2;238;207;181m▓[38;2;232;199;173m▓[38;2;224;190;163m▓[38;2;215;180;153m▓[38;2;172;144;122m▒[38;2;83;67;59m░[38;2;39;27;23m [38;2;33;22;18m [38;2;31;22;20m [38;2;56;42;31m [38;2;63;48;35m [38;2;5;3;2m [38;2;0;0;0m[0m
[38;2;0;0;0m                   [38;2;5;4;4m [38;2;35;29;26m [38;2;40;32;28m [38;2;48;38;35m [38;2;64;53;49m [38;2;89;75;67m░[38;2;77;64;58m░[38;2;53;42;38m [38;2;136;112;96m░[38;2;166;129;109m▒[38;2;154;115;96m▒[38;2;138;97;81m░[38;2;134;92;79m░[38;2;135;91;77m░[38;2;143;101;87m░[38;2;154;112;96m▒[38;2;143;103;87m░[38;2;132;96;81m░[38;2;117;89;75m░[38;2;94;76;67m░[38;2;69;57;52m [38;2;140;120;108m▒[38;2;220;191;169m▓[38;2;237;206;181m▓[38;2;233;201;175m▓[38;2;215;184;160m▓[38;2;183;156;136m▒[38;2;136;114;100m░[38;2;81;67;59m░[38;2;46;35;31m [38;2;38;27;23m [38;2;36;27;23m [38;2;33;27;24m [38;2;5;4;4m [38;2;0;0;0m[0m
[38;2;0;0;0m                    [38;2;8;7;7m [38;2;40;36;34m [38;2;46;39;37m [38;2;49;41;38m [38;2;51;42;39m [38;2;54;45;41m [38;2;59;50;46m [38;2;178;152;132m▒[38;2;215;180;153m▓[38;2;202;161;136m▒[38;2;196;151;129m▒[38;2;195;151;132m▒[38;2;195;155;139m▒[38;2;190;151;136m▒[38;2;186;145;130m▒[38;2;180;140;124m▒[38;2;181;141;123m▒[38;2;194;157;136m▒[38;2;224;190;165m▓[38;2;79;65;57m░[38;2;56;45;42m [38;2;62;51;48m [38;2;75;63;58m░[38;2;67;56;52m [38;2;58;47;44m [38;2;50;40;36m [38;2;44;34;31m [38;2;41;32;28m [38;2;40;31;28m [38;2;41;34;32m [38;2;32;28;26m [38;2;2;2;2m [38;2;0;0;0m[0m
[38;2;0;0;0m                     [38;2;3;3;3m [38;2;37;34;32m [38;2;56;51;48m [38;2;58;53;50m [38;2;63;57;54m [38;2;71;64;61m░[38;2;92;84;79m░[38;2;159;140;125m▒[38;2;180;156;137m▒[38;2;160;136;119m▒[38;2;113;94;82m░[38;2;110;90;79m░[38;2;118;97;84m░[38;2;141;116;99m▒[38;2;201;169;144m▒[38;2;222;188;162m▓[38;2;218;187;163m▓[38;2;149;130;116m▒[38;2;63;54;51m [38;2;59;50;46m [38;2;56;47;44m [38;2;54;46;42m [38;2;53;44;41m [38;2;51;43;40m [38;2;48;41;38m [38;2;47;40;37m [38;2;47;42;39m [38;2;43;39;37m [38;2;18;16;15m [38;2;0;0;0m[0m
[38;2;0;0;0m                       [38;2;20;19;19m [38;2;61;58;56m [38;2;76;73;70m░[38;2;92;89;86m░[38;2;99;96;93m░[38;2;105;101;98m░[38;2;106;102;100m░[38;2;90;84;81m░[38;2;77;70;67m░[38;2;74;66;63m░[38;2;72;64;61m░[38;2;77;69;66m░[38;2;97;91;89m░[38;2;106;100;98m░[38;2;98;93;91m░[38;2;87;82;79m░[38;2;80;74;71m░[38;2;72;66;63m░[38;2;65;60;57m░[38;2;62;56;54m [38;2;59;54;51m [38;2;56;52;49m [38;2;57;53;51m [38;2;42;39;38m [38;2;19;18;18m [38;2;0;0;0m[0m
[38;2;0;0;0m                        [38;2;3;3;2m [38;2;33;32;31m [38;2;75;74;72m░[38;2;114;113;110m░[38;2;125;124;121m▒[38;2;131;130;127m▒[38;2;129;127;125m▒[38;2;127;125;122m▒[38;2;124;122;119m▒[38;2;121;119;116m░[38;2;120;118;115m░[38;2;126;124;121m▒[38;2;125;123;120m▒[38;2;118;115;112m░[38;2;108;105;102m░[38;2;99;96;94m░[38;2;86;83;81m░[38;2;77;74;71m░[38;2;67;65;63m░[38;2;50;49;47m [38;2;29;28;27m [38;2;6;6;6m [38;2;0;0;0m[0m
[38;2;0;0;0m                           [38;2;14;14;13m [38;2;50;50;49m [38;2;76;76;74m░[38;2;103;103;101m░[38;2;122;121;119m▒[38;2;133;133;130m▒▒▒[38;2;131;130;127m▒[38;2;128;128;125m▒[38;2;113;112;110m░[38;2;87;87;84m░[38;2;65;64;62m░[38;2;44;43;42m [38;2;23;22;22m [38;2;3;3;3m [38;2;0;0;0m[0m
[38;2;0;0;0m                                 [38;2;7;7;7m [38;2;17;17;17m [38;2;10;10;10m [38;2;0;0;0m[0m

       ______      _                _    _____          _
      |  ____|    | |              | |  / ____|        | |
      | |__   _ __| | ___ _ __   __| | | |     ___   __| | ___  ___
      |  __| | '__| |/ _ \ '_ \ / _` | | |    / _ \ / _` |/ _ \/ __|
      | |____| |  | |  __/ | | | (_| | | |___| (_) | (_| |  __/\__ \
      |______|_|  |_|\___|_| |_|\__,_|  \_____\___/ \__,_|\___||___/

┌─────────────────────────────────────────────────────────────────────────┐
│ To use my setup script run this in a terminal (Linux and MacOS only):   │
│                                                                         │
│     [0;32mcurl https://erlend.codes/setup | REPO=your/brewfile-repo bash[0m      │
│                                                                         │
│ In addition to REPO the following arguments are also accepted.          │
├───────────────┬─────────────────────────────────────────────────────────┤
│ BREWFILE      │ If this file exists install from it instead of the REPO │
│ LOG_FILE      │ Log to this file. Default: "~/.setup.log"               │
│ MACKUP_ENGINE │ Storage engine for mackup. Default: "icloud"            │
│ SCHEDULE      │ Brew update cron schedule. Default: "0 12 * * *"        │
├───────────────┴─────────────────────────────────────────────────────────┤
│ [0;31mPiping to bash from the Internet can be dangerous. It is allways wise[0m   │
│ [0;31mto inspect the contents first. I make no promises that this won't burn [0m │
│ [0;31mdown your house, spend all your money or get you fired from your job.  [0m │
├─────────────────────────────────────────────────────────────────────────┤
│ The site was last updated {{ site.time | date: "%Y-%m-%d" }}.                                   │
└─────────────────────────────────────────────────────────────────────────┘
